1000
109 724
159 289
853 299
544 849
613 554
989 419
881 295
564 122
516 337
931 472
381 855
872 126
661 83
522 277
231 728
584 19
113 952
33 720
539 968
891 417
22 159
728 332
655 869
310 773
59 913
230 745
949 510
80 681
30 975
132 857
396 184
444 745
718 247
624 20
95 370
98 472
545 66
67 397
421 817
38 401
376 449
668 571
967 781
663 190
438 108
155 865
821 226
513 173
717 585
806 606
538 489
867 325
369 3
783 637
67 740
370 789
306 384
723 310
316 541
589 870
734 522
357 884
179 727
367 605
997 334
361 477
219 387
736 794
308 857
170 198
818 549
532 227
714 782
789 140
356 741
962 601
326 721
259 619
86 102
878 313
167 791
59 59
435 674
608 429
130 444
205 574
610 700
347 969
24 940
8 659
550 645
950 839
413 834
294 895
493 848
286 539
395 948
883 590
353 733
683 519
396 508
313 918
482 962
702 776
843 545
206 53
539 829
322 239
148 220
644 886
296 771
664 562
335 723
32 664
550 797
760 88
458 722
132 966
419 646
319 144
412 213
654 856
834 110
908 195
547 399
175 888
264 457
378 861
438 966
388 63
242 873
473 432
155 221
288 574
509 144
517 305
386 792
144 493
356 455
141 369
345 52
733 855
341 802
166 421
942 684
814 851
820 49
53 47
120 533
852 949
479 856
448 531
286 987
380 507
432 304
54 394
302 89
384 785
342 781
362 498
576 118
390 286
781 421
564 700
776 882
343 724
769 31
328 525
120 733
514 564
31 946
206 406
203 281
103 336
260 377
368 780
859 363
412 438
564 934
902 664
36 653
267 348
924 460
277 496
383 127
218 678
528 980
828 508
392 161
154 50
959 425
414 762
336 747
88 501
482 843
28 411
603 926
807 387
128 248
408 924
899 960
76 754
173 782
682 846
932 355
945 55
942 298
334 142
806 526
146 321
486 413
268 917
974 707
899 65
972 506
735 257
749 184
656 512
387 41
127 994
448 486
868 369
425 918
791 118
630 349
763 99
705 987
783 198
133 702
391 424
457 730
339 446
37 679
206 864
4 756
354 337
587 571
299 591
425 748
281 395
656 863
25 850
138 989
797 701
623 774
651 390
991 888
132 181
354 22
495 538
192 471
389 459
254 321
526 208
206 333
900 877
523 805
309 552
963 851
903 147
709 948
191 780
852 565
859 116
389 948
433 149
366 810
855 912
608 376
589 365
599 528
39 275
895 909
904 691
225 854
755 993
214 478
43 762
499 888
630 948
782 657
686 666
743 174
976 823
138 304
976 254
381 197
997 735
693 73
544 484
150 285
75 428
755 246
152 856
490 993
855 341
731 510
364 177
251 42
504 985
52 602
391 723
967 821
827 671
861 121
487 427
834 280
485 151
435 364
980 702
330 633
541 695
695 258
797 658
921 903
95 695
117 925
987 971
182 886
722 4
902 35
899 904
12 752
139 593
919 335
136 595
162 335
295 913
456 653
527 669
497 627
702 287
358 393
130 855
954 426
938 854
809 265
398 954
133 691
788 921
823 591
749 649
3 171
791 636
215 72
548 425
293 561
107 529
822 55
405 48
922 857
99 613
366 418
119 203
445 868
16 40
626 28
857 630
44 293
300 240
571 354
67 728
330 894
463 231
582 118
613 108
62 298
126 176
844 31
877 625
443 360
6 894
760 935
486 890
350 630
158 373
541 499
507 496
507 364
987 167
733 718
0 715
63 253
537 409
843 567
170 85
959 97
776 627
986 63
642 671
696 957
837 883
468 436
742 305
125 786
725 850
164 920
32 903
717 234
685 678
684 954
245 335
234 246
405 350
552 324
247 332
659 59
105 122
721 787
859 781
363 984
326 64
251 251
388 358
223 66
291 320
15 745
566 710
916 56
109 985
729 790
204 352
295 799
562 713
923 107
930 739
571 631
503 793
929 631
196 586
422 652
601 942
203 722
277 668
292 86
864 882
582 998
400 796
763 353
408 481
723 105
939 810
509 406
335 293
623 445
799 745
562 904
1 658
945 296
738 551
827 208
319 434
431 412
637 384
632 905
675 290
329 191
390 515
42 373
965 555
548 700
527 115
66 350
938 778
888 872
525 56
88 838
648 233
387 422
234 188
413 256
227 436
900 700
700 726
746 300
139 308
945 404
387 794
462 527
692 120
777 716
966 999
588 937
860 143
818 46
423 631
419 981
296 23
925 664
499 203
764 572
896 784
845 421
835 533
687 283
142 770
844 91
766 315
943 776
99 763
885 67
652 795
209 969
643 586
915 740
940 57
721 885
180 719
1 384
847 971
853 544
2 784
576 117
915 294
944 939
806 430
236 661
121 574
448 882
930 934
871 815
552 290
344 941
463 281
492 12
311 333
175 16
815 956
789 147
86 110
23 555
19 216
78 397
942 289
439 234
583 379
352 705
381 716
2 62
817 446
887 258
100 195
814 946
725 581
20 460
400 292
790 63
844 465
644 74
212 76
128 545
160 969
175 387
156 344
239 807
682 925
314 0
764 557
569 199
172 690
597 496
959 24
186 983
751 721
654 653
241 958
168 949
55 952
180 764
590 230
470 585
26 863
388 280
608 466
345 109
965 820
639 392
317 770
870 76
278 800
386 788
22 849
785 824
258 383
998 436
842 854
55 114
721 212
750 602
617 163
990 398
510 243
755 443
9 722
599 717
560 485
379 530
68 11
915 393
291 751
981 932
287 511
691 356
167 660
831 93
989 937
991 26
280 966
113 873
482 351
312 290
797 601
191 620
801 525
597 425
809 353
810 939
983 154
18 655
365 326
88 113
678 730
244 800
811 503
368 371
938 18
583 796
325 404
407 268
95 431
48 231
300 147
189 841
505 319
315 361
681 908
0 182
778 606
750 304
776 332
736 16
792 739
396 473
239 422
402 72
340 585
356 435
316 901
542 951
341 198
735 908
781 532
304 980
139 215
453 202
909 206
922 352
372 114
608 644
541 686
41 563
842 194
552 974
9 585
387 508
963 567
373 504
927 831
760 420
55 859
168 703
12 613
422 83
294 862
483 938
526 966
979 962
888 355
4 326
131 205
199 448
59 89
198 435
753 709
687 270
40 196
888 558
251 9
523 74
550 57
460 533
91 228
897 423
214 53
793 285
498 202
776 99
997 782
50 535
649 269
357 64
821 232
477 831
860 354
234 652
652 425
852 684
730 249
498 25
771 854
335 419
758 288
174 486
897 548
712 180
913 889
908 428
342 95
974 899
902 879
890 306
792 279
611 655
236 5
279 777
729 214
757 911
159 679
707 96
791 876
609 592
672 911
425 985
227 339
523 448
576 17
84 218
146 819
863 559
537 975
224 846
703 175
524 953
550 327
476 42
231 910
804 237
581 720
559 752
84 27
445 177
612 472
664 735
107 597
379 283
858 145
340 632
293 431
812 281
73 151
844 898
914 377
2 426
970 364
212 208
737 950
236 395
337 916
269 894
745 284
797 28
21 697
963 159
779 31
899 480
241 344
728 938
822 127
546 16
158 698
312 457
458 181
495 424
911 293
563 665
349 442
934 72
451 856
615 916
426 143
476 909
399 834
539 290
84 662
725 174
137 316
580 67
735 448
231 431
630 514
700 175
424 213
245 473
869 814
446 550
712 55
869 240
953 517
475 616
813 71
162 844
427 8
992 71
273 367
859 593
550 460
925 248
224 630
362 599
130 35
24 638
798 407
815 690
681 561
992 670
103 794
194 586
148 607
779 356
454 369
204 164
863 587
441 405
151 76
255 360
153 414
246 218
829 726
225 554
422 101
339 668
732 926
29 201
789 145
270 42
183 775
194 483
594 247
773 325
356 593
602 750
924 889
799 492
931 894
884 904
848 315
788 520
691 917
746 568
364 694
208 178
45 562
236 123
61 600
404 848
206 267
955 536
794 898
860 52
377 141
679 893
998 809
98 300
187 565
602 880
26 526
202 203
302 520
538 510
489 774
676 510
983 379
739 567
947 82
397 488
960 355
747 447
210 696
358 7
646 559
492 871
992 416
347 789
972 329
789 379
863 632
653 80
486 25
90 234
630 585
633 250
151 778
23 577
419 127
375 338
707 939
721 591
308 645
996 1
517 791
781 10
69 543
656 413
195 189
711 473
461 54
817 18
173 769
156 600
929 688
286 148
690 865
232 632
392 229
61 62
851 56
713 460
292 611
565 598
806 975
786 300
351 643
756 398
396 271
434 614
572 233
714 989
667 616
378 896
186 920
709 964
637 398
194 632
549 444
51 418
231 838
837 508
581 702
979 160
475 885
248 258
316 123
541 341
390 362
151 601
772 206
364 20
219 975
704 974
223 617
739 281
830 355
557 968
261 856
341 231
442 563
703 788
425 686
972 77
595 853
182 739
292 846
12 541
389 299
666 711
761 212
580 827
179 990
53 97
568 1
419 772
385 377
6 701
532 986
937 68
698 730
279 916
724 569
890 767
154 236
608 145
445 579
551 89
838 791
299 854
46 696
349 102
767 286
774 340
99 127
